
strategic_region={
	id=1
	name="STRATEGICREGION_1"
	provinces={
		10332 10335 10337 10363 10392 10433 10437 10439 10457 10463 10489 10506 10508 10516 10520 10545 10555 10570 10584 10591 10642 10667 10675 10687 10724 10727 10739 10741 10750 10782 10790 10802 10837 10838 10850 10858 10877 10909 10914 10918 10941 10950 10973 10979 10983 11003 11026 11031 11043 11054 11056 11069 11075 11081 11082 11083 11086 11100 11119 11122 11130 11189 11217 11218 11236 11264 11272 11300 11304 11342 11364 11384 11406 11423 11425 11439 11440 11441 11475 11479 11487 11497 11506 11512 11513 11525 11528 11534 11574 11594 11605 11611 11612 11621 11622 11639 11655 11670 11693 11720 11734 11760 11769 11771 11785 11795 11819 11823 11847 11875 11876 11878 11880 11882 11887 11892 11908 11920 11934 11965 11966 11992 11994 12003 12004 12029 12040 12083 12084 12089 12095 12126 12149 12155 12160 12161 12164 12223 12231 12233 12257 12264 12266 12279 12305 12309 12312 12316 12317 12335 12336 12337 12342 12348 12358 12378 12387 12390 12394 12399 12407 12422 12430 12434 12458 12464 12476 12486 12487 12493 12509 12514 12516 12519 12560 12578 12591 12622 12635 12656 12669 12679 12681 12701 12702 12719 12728 12739 12752 12755 12760 12782 12812 12859 12867 12875 12890 12912 12924 12959 12977 12987 12996 13007 13010 13011 13052 13069 13075 13080 13088 13099 13108 13122 13129 13141 13151 13158 13201 13207 13213 13219 13235 13244 13258 13264 13270 13279 13283 13287 13310 13318 13322 13343 13344 13362 13372 13388 13394 13396 13423 13450 13461 13463 13466 13473 13488 13495 13507 13518 13532 13554 13555 13558 13559 13577 13590 13604 13619 13621 13647 13648 13658 13673 13699 13710 13770 13775 13809 13821 13876 13894 13895 13902 13911 13930 13963 13976 13978 13982 13985 14002 14008 14015 14017 14037 14048 14081 14102 14104 14113 14118 14137 14151 14158 14159 14170 14185 14195 14212 14231 14269 14273 14282 14284 14288 14300 14304 14318 14381 14410 14432 14444 14453 14461 14463 14497 14531 14550 14567 14602 14605 14616 14658 14662 14673 14680 14704 14717 14730 14732 14737 14743 14751 14754 14788 14924 14925 15017 15181 15224 15285 15315 15323 15335 15337 15342 15343 15344 15346 15347 15349 15351 15356 15357 15360 15363 15364 15366 15371 15372 15373 15375 15377 15378 15379 15380 15382 15386 15392 15394 15397 15398 15401 15404 15409 15410 15412 15419 15420 15422 15423 15427 15434 15436 15439 15440 15443 15444 15450 15459 15462 15463 15465 15470 15483 15486 15487 15529 15536 15541 15553 15573 15588 15616 15652 15663 15683 15706 
	}
	naval_terrain=water_deep_ocean
	weather={
		period={
			between={ 0.0 0.0 }
			temperature={ -10.0 35.0 }
			temperature_day_night={ 2.0 -2.0 }
			no_phenomenon=1.500
			rain_light=0.250
			rain_heavy=0.100
			snow=0.000
			blizzard=0.000
			arctic_water=0.000
			mud=0.000
			sandstorm=0.000
			min_snow_level=0.000
		}
	}
}
