
strategic_region={
	id=127
	name="STRATEGICREGION_127"
	provinces={
		40 226 712 967 1043 1392 1440 1518 1802 1844 2112 2953 3147 3409 3875 3936 4227 4865 4984 5205 6114 6482 6490 7055 7061 7083 7097 7099 7155 7191 7208 7255 10339 10413 10708 10957 11019 11145 11368 11379 11474 11581 11608 11947 11952 12035 12103 12121 12146 12232 12405 12515 12522 12534 12564 12598 12637 12696 12821 12874 13046 13135 13231 13256 13338 13381 13440 13899 14250 14452 14696 15135 15193 15197 15209 15249 15388 15416 
	}
	weather={
	}
}
