
strategic_region={
	id=129
	name="South Konzan"
	provinces={
		547 1315 1551 1998 2086 2312 2403 2502 3208 3274 3880 4393 4475 4708 4907 5284 5876 5881 6261 6306 6469 7065 7074 7092 7145 7177 7185 7199 7251 7319 10401 10411 10415 10480 10554 10577 10625 10648 10695 10731 10737 10958 11062 11084 11233 11245 11290 11336 11346 11356 11396 11508 11572 11589 11951 12131 12210 12214 12304 12389 12462 12470 12567 12745 13003 13029 13067 13086 13090 13148 13204 13393 13418 13451 13533 13537 13634 14223 14525 14591 14818 14993 15445 15608 15716 
	}
	weather={
	}
}
