
strategic_region={
	id=14
	name="STRATEGICREGION_14"
	provinces={
		37 132 132 380 380 695 1068 1094 1094 1258 1336 1336 1453 1453 2682 2682 2863 3186 3376 3839 3839 4128 4154 4154 4562 4562 4770 4770 4869 4900 5316 5316 5479 5818 5904 6099 6099 6206 6206 6554 6554 8840 8840 8859 8860 8860 8862 8876 8877 8881 8882 8882 8895 8905 8919 8932 8932 8940 8962 8965 10483 10809 10860 11040 11177 11197 11268 11331 11445 11577 11707 11778 11835 12042 12070 12093 12205 13050 13124 13229 13564 13605 13675 14107 14482 14486 14491 14672 14873 14912 14916 14945 15736 15737 15738 15739 
	}
	weather={
		period={
			between={ 0.0 0.0 }
			temperature={ -10.0 35.0 }
			temperature_day_night={ 2.0 -2.0 }
			no_phenomenon=1.500
			rain_light=0.250
			rain_heavy=0.100
			snow=0.000
			blizzard=0.000
			arctic_water=0.000
			mud=0.000
			sandstorm=0.000
			min_snow_level=0.000
		}
	}
}
