
strategic_region={
	id=15
	name="STRATEGICREGION_15"
	provinces={
		76 76 82 82 164 164 255 255 372 372 1119 1119 1130 1130 1505 1505 1519 1519 1780 1780 1887 1887 2012 2012 2074 2074 2280 2280 2457 2457 2462 2462 2766 2904 2904 2962 2962 3002 3002 3621 3621 3998 3998 4187 4187 4333 4333 4439 4439 4524 4524 4825 4825 4831 4831 4990 4990 5162 5162 5556 5556 5669 5669 5869 5869 5963 5963 6347 6347 6458 6458 6583 6583 6631 6631 6683 6683 8848 8848 8853 8853 8878 8878 8896 8896 8898 8898 8912 8912 8933 8933 8934 8934 8935 8935 8941 8941 8963 8963 8969 8969 8988 8988 9005 9005 9016 9016 9023 9023 9035 9035 9046 9046 9088 9088 10565 10704 10710 10885 11167 11223 11418 11484 11757 11940 12016 12139 12291 12611 12678 12722 12787 12942 13140 13243 13395 14030 14401 14647 14703 14783 14805 14827 14849 14859 15769 16012 16013 16014 16015 16015 16018 16018 16022 16022 
	}
	weather={
		period={
			between={ 0.0 0.0 }
			temperature={ -10.0 35.0 }
			temperature_day_night={ 2.0 -2.0 }
			no_phenomenon=1.500
			rain_light=0.250
			rain_heavy=0.100
			snow=0.000
			blizzard=0.000
			arctic_water=0.000
			mud=0.000
			sandstorm=0.000
			min_snow_level=0.000
		}
	}
}
