
strategic_region={
	id=16
	name="STRATEGICREGION_16"
	provinces={
		476 708 829 888 1058 1108 1728 1889 2537 2816 2932 3020 3222 3245 3464 3545 3591 3886 3993 4266 4306 4417 4607 4618 4732 4808 5097 5254 5318 5620 5711 5839 5898 5934 6225 6233 6344 6603 6692 8686 8699 8732 8735 8739 8740 8768 8769 8773 8777 8787 8789 8794 8805 8817 8818 8829 8830 8834 8841 8844 8863 8887 8907 10446 10541 10894 10919 10928 10992 11080 11087 11091 11162 11210 11310 11374 11443 11754 11874 12031 12056 12094 12108 12251 12268 12277 12391 12412 12530 12599 12690 12852 13051 13055 13062 13206 13227 13238 13552 13924 14091 14150 14377 14551 14655 14892 14974 15003 15077 15272 15303 15312 15795 15807 
	}
	weather={
		period={
			between={ 0.0 0.0 }
			temperature={ -10.0 35.0 }
			temperature_day_night={ 2.0 -2.0 }
			no_phenomenon=1.500
			rain_light=0.250
			rain_heavy=0.100
			snow=0.000
			blizzard=0.000
			arctic_water=0.000
			mud=0.000
			sandstorm=0.000
			min_snow_level=0.000
		}
	}
}
