
strategic_region={
	id=17
	name="STRATEGICREGION_17"
	provinces={
		205 558 620 861 1244 1536 1644 1710 1878 1893 2040 2160 2168 2198 2724 2742 2914 2949 3295 3582 3702 3717 3873 3927 3928 4004 4049 4053 4176 4318 4321 4330 4513 4532 4572 4952 5010 5197 5447 5517 5577 5737 5750 5938 5987 5994 6076 6215 6265 6290 6316 6329 8655 8656 8704 8741 8743 8744 8747 8754 8762 8766 8778 8779 8785 8790 8795 8806 8808 8809 8821 8824 8825 8842 8847 8854 8857 8870 8871 8885 8902 10342 10376 10412 10425 10482 10530 10661 10719 10775 10848 10953 11117 11169 11265 11266 11351 11367 11531 11560 11659 11788 11807 11836 11881 11896 11909 12140 12185 12340 12352 12427 12450 12465 12529 12624 12650 12710 12731 12837 12993 13049 13241 13825 13929 13933 13935 14105 14142 14303 14476 14502 14726 14813 14824 14829 15042 15144 15207 15215 15280 15399 15458 15796 15801 15802 15803 16061 
	}
	weather={
		period={
			between={ 0.0 0.0 }
			temperature={ -10.0 35.0 }
			temperature_day_night={ 2.0 -2.0 }
			no_phenomenon=1.500
			rain_light=0.250
			rain_heavy=0.100
			snow=0.000
			blizzard=0.000
			arctic_water=0.000
			mud=0.000
			sandstorm=0.000
			min_snow_level=0.000
		}
	}
}
