
strategic_region={
	id=19
	name="STRATEGICREGION_19"
	provinces={
		229 229 340 340 382 382 481 481 802 802 803 803 1409 1409 1490 1490 1683 1683 1939 1939 2177 2177 2199 2199 2239 2239 2273 2273 2513 2513 3469 3469 3509 3509 4529 4529 4544 4544 4546 4546 4580 4580 4701 4701 4809 4809 5237 5237 5241 5241 5427 5427 5542 5542 5867 5867 6146 6146 6188 6188 6580 6580 6665 6665 9270 9270 9284 9284 9293 9293 9307 9307 9313 9313 9323 9323 9332 9332 9335 9335 9361 9361 9367 9367 9396 9396 9441 9441 9444 9444 9467 9467 10340 10353 10360 10361 10485 10533 10590 10639 10880 10892 10942 11017 11042 11047 11095 11209 11407 11432 11618 11683 11696 11701 11728 11811 11894 11945 12360 12448 13078 13087 13312 13357 13729 13888 14041 14243 14335 14362 14479 14695 15083 15087 15250 15278 15279 
	}
	weather={
		period={
			between={ 0.0 0.0 }
			temperature={ -10.0 35.0 }
			temperature_day_night={ 2.0 -2.0 }
			no_phenomenon=1.500
			rain_light=0.100
			rain_heavy=0.000
			snow=0.000
			blizzard=0.000
			arctic_water=0.000
			mud=0.000
			sandstorm=0.100
			min_snow_level=0.000
		}
	}
}
