
strategic_region={
	id=2
	name="STRATEGICREGION_2"
	provinces={
		631 631 1070 1070 1123 1123 1326 1326 1942 1942 2031 2031 2859 2859 3233 3532 3532 4043 4279 4279 4419 4932 4932 4974 4974 5020 5020 5047 5310 5310 5507 6007 6093 6093 6167 6167 6223 6223 6355 6355 6385 8925 8925 8956 8985 8985 9008 9008 9064 9064 9095 9095 9122 9122 9137 9137 10528 10610 11148 11199 11230 11345 11438 11444 11523 11557 11567 11657 11756 11782 11784 11859 12151 12240 12302 12353 12712 12759 12810 13038 13203 13230 13353 13747 13786 13875 13971 14051 14187 14457 14681 15038 15082 15119 15490 15567 15778 15778 15779 15780 15781 15782 15782 15783 15784 15786 15787 15787 15787 16020 16023 16026 16029 16030 16033 16041 
	}
	weather={
		period={
			between={ 0.0 0.0 }
			temperature={ -10.0 35.0 }
			temperature_day_night={ 2.0 -2.0 }
			no_phenomenon=1.500
			rain_light=0.250
			rain_heavy=0.100
			snow=0.000
			blizzard=0.000
			arctic_water=0.000
			mud=0.000
			sandstorm=0.000
			min_snow_level=0.000
		}
	}
}
