
strategic_region={
	id=20
	name="STRATEGICREGION_20"
	provinces={
		270 365 725 732 826 833 948 1237 1474 1484 1813 1914 1979 2103 2134 2158 2435 2635 2853 2907 2943 3066 3092 3094 3210 3310 3332 3395 3508 3754 3847 4113 4245 4353 4452 4727 4862 5103 5227 5301 5463 5724 5778 5837 5862 5863 5971 6037 6172 6392 6444 6614 9039 9066 9093 9106 9109 9113 9116 9139 9150 9163 9170 9171 9184 9188 9193 9195 9197 9200 9202 9213 9214 9222 9232 9251 9253 9256 9257 9261 9272 15740 15741 
	}
	weather={
		period={
			between={ 0.0 0.0 }
			temperature={ -10.0 35.0 }
			temperature_day_night={ 2.0 -2.0 }
			no_phenomenon=1.500
			rain_light=0.250
			rain_heavy=0.100
			snow=0.000
			blizzard=0.000
			arctic_water=0.000
			mud=0.000
			sandstorm=0.000
			min_snow_level=0.000
		}
	}
}
