
strategic_region={
	id=21
	name="STRATEGICREGION_21"
	provinces={
		175 175 791 791 824 824 991 991 1363 1363 2836 2836 2969 2969 3438 3438 3747 3747 3775 3775 3784 3784 3798 3798 3953 3953 3988 3988 4069 4069 4456 4456 4917 4917 5086 5086 5233 5233 5483 5483 5724 5982 5982 6073 6073 6461 6461 6487 6487 6598 6598 9271 9271 9280 9280 9296 9296 9298 9298 9327 9327 9329 9329 9344 9344 9347 9347 9351 9351 9368 9368 9388 9388 9410 9410 10404 10420 10469 10486 10507 10510 10629 10686 10686 10718 10728 10729 10947 11067 11224 11260 11410 11416 11520 11546 11806 11815 12019 12319 12323 12928 13354 13391 13431 13771 13832 14174 14207 14538 14962 14986 15045 15060 15090 15188 15332 
	}
	weather={
		period={
			between={ 0.0 0.0 }
			temperature={ -10.0 35.0 }
			temperature_day_night={ 2.0 -2.0 }
			no_phenomenon=1.500
			rain_light=0.250
			rain_heavy=0.100
			snow=0.000
			blizzard=0.000
			arctic_water=0.000
			mud=0.000
			sandstorm=0.000
			min_snow_level=0.000
		}
	}
}
