
strategic_region={
	id=22
	name="STRATEGICREGION_22"
	provinces={
		15 77 77 96 744 758 2105 2105 3061 3140 3168 3305 3888 3987 4018 4092 4264 4498 4505 4643 4711 4735 4979 5093 5327 5503 5652 5652 5820 5877 6230 6573 9130 9135 9136 9136 9158 9176 9176 9177 9179 9186 9194 9203 9204 9212 9220 9224 9227 9229 9235 9250 15746 15747 15747 15748 15748 15749 15750 15751 15752 15790 15791 15792 15793 15794 
	}
	weather={
		period={
			between={ 0.0 0.0 }
			temperature={ -10.0 35.0 }
			temperature_day_night={ 2.0 -2.0 }
			no_phenomenon=1.500
			rain_light=0.250
			rain_heavy=0.100
			snow=0.000
			blizzard=0.000
			arctic_water=0.000
			mud=0.000
			sandstorm=0.000
			min_snow_level=0.000
		}
	}
}
