
strategic_region={
	id=23
	name="STRATEGICREGION_23"
	provinces={
		136 136 145 145 235 235 251 251 376 376 652 652 785 785 910 910 1028 1028 1610 1610 2184 2184 2541 2541 2800 2800 2975 2975 3001 3394 3394 3544 3544 4170 4170 4272 4628 4628 4704 4704 4748 4748 5251 5251 5298 5298 5649 5649 6105 6105 6294 6431 9231 9231 9268 9268 9290 9290 9316 9316 9321 9321 9343 9343 9349 9349 9370 9370 9375 9375 9398 9398 9415 9415 10349 10561 10747 10825 10826 10949 10954 11076 11127 11147 11221 11255 11281 11292 11361 11465 11793 12041 12115 12153 12858 12884 12962 12963 12995 13121 13447 13646 13897 14132 14285 14287 14545 14625 15389 15448 15505 15622 15631 15705 15715 15721 15735 15735 15822 15823 15824 15825 15826 15827 15828 15829 15830 15831 15840 15842 15843 15844 15845 15846 15847 15848 15849 
	}
	weather={
		period={
			between={ 0.0 0.0 }
			temperature={ -10.0 35.0 }
			temperature_day_night={ 2.0 -2.0 }
			no_phenomenon=1.500
			rain_light=0.250
			rain_heavy=0.100
			snow=0.000
			blizzard=0.000
			arctic_water=0.000
			mud=0.350
			sandstorm=0.000
			min_snow_level=0.000
		}
	}
}
