
strategic_region={
	id=24
	name="STRATEGICREGION_24"
	provinces={
		177 177 658 658 776 776 821 821 832 832 1014 1014 1172 1172 1458 1458 1539 1539 2044 2044 2110 2110 2206 2206 2528 2528 2987 2987 3184 3184 3490 3490 3836 3836 4375 4375 4444 4444 4458 4458 4545 4545 5018 5018 5223 5223 5296 5296 5580 5580 5586 5586 6004 6004 6037 6336 6336 6464 6464 6555 6555 8993 8993 9030 9030 9034 9034 9049 9049 9050 9050 9063 9063 9070 9070 9072 9072 9087 9087 9101 9101 9124 9124 9133 9133 9151 9151 9164 9164 9175 9175 9185 9185 9189 9189 9190 9190 9191 9191 9209 9209 9218 9218 10348 10356 10498 10596 10613 10644 10751 10921 10932 10956 11007 11116 11190 11271 11302 11313 11319 11386 11749 11973 12078 12196 12274 12276 12410 12498 12518 12577 12641 12652 12703 12742 12780 12840 12991 13082 13103 13133 13164 13469 13700 13883 14109 14183 14184 14554 14580 14584 14718 14789 14796 14802 14811 14880 14881 14906 14917 14932 
	}
	weather={
		period={
			between={ 0.0 0.0 }
			temperature={ -10.0 35.0 }
			temperature_day_night={ 2.0 -2.0 }
			no_phenomenon=1.500
			rain_light=0.250
			rain_heavy=0.100
			snow=0.000
			blizzard=0.000
			arctic_water=0.000
			mud=0.000
			sandstorm=0.000
			min_snow_level=0.000
		}
	}
}
