
strategic_region={
	id=25
	name="STRATEGICREGION_25"
	provinces={
		364 364 406 406 489 489 525 525 549 549 972 972 1967 1967 2474 2474 3370 3370 3542 3542 3606 3606 3698 3698 3721 3721 3773 3773 3913 3913 4146 4146 4161 4161 4689 4689 4877 4877 5033 5033 5422 5422 5455 5455 5974 5974 6404 6404 6711 6711 9117 9117 9134 9134 9147 9147 9156 9156 9180 9180 9199 9199 9210 9210 9223 9223 9233 9233 9234 9234 9242 9242 10371 10418 10462 10764 10812 11029 11188 11476 11588 11650 11741 11967 11988 12067 12211 12297 12492 12582 12619 12727 12736 12876 13064 13332 13374 13401 13460 13692 13918 14553 14599 14791 14812 14839 14841 14957 14999 15753 15753 15754 15754 15755 15755 
	}
	weather={
		period={
			between={ 0.0 0.0 }
			temperature={ -10.0 35.0 }
			temperature_day_night={ 2.0 -2.0 }
			no_phenomenon=1.500
			rain_light=0.250
			rain_heavy=0.100
			snow=0.000
			blizzard=0.000
			arctic_water=0.000
			mud=0.300
			sandstorm=0.000
			min_snow_level=0.000
		}
	}
}
