
strategic_region={
	id=26
	name="STRATEGICREGION_26"
	provinces={
		27 256 611 1005 1084 1140 1413 1637 1672 1841 1957 2266 2784 3154 3161 3272 3558 3681 3826 4636 4836 4983 5431 5749 6166 6296 6643 6656 6710 9259 9264 9265 9295 9299 9315 9348 9358 9392 9397 9417 9421 9449 9451 9456 10343 10634 10811 10818 10865 11000 11104 11170 11234 11722 11733 11810 11895 11918 11997 12024 12117 12227 12393 12411 12421 12471 12472 12791 12814 12847 13066 13074 13249 13455 13578 13790 13931 13979 13993 14120 14121 14271 14293 14473 14480 14573 15296 15298 15318 15839 15933 
	}
	weather={
		period={
			between={ 0.0 0.0 }
			temperature={ -10.0 35.0 }
			temperature_day_night={ 2.0 -2.0 }
			no_phenomenon=1.500
			rain_light=0.250
			rain_heavy=0.100
			snow=0.000
			blizzard=0.000
			arctic_water=0.000
			mud=0.000
			sandstorm=0.000
			min_snow_level=0.000
		}
	}
}
