
strategic_region={
	id=27
	name="STRATEGICREGION_27"
	provinces={
		184 199 465 659 760 1230 1439 1832 2522 2872 4263 4308 4496 4540 4850 5308 5320 5404 5638 5804 6301 6647 9258 9269 9283 9294 9306 9362 9365 10408 10416 10451 10641 11154 11552 11824 11954 11959 12243 12541 12627 12743 12835 12989 13034 13271 13411 13438 13688 13727 13778 13789 14056 14640 15216 15227 15262 15333 15350 15591 15606 15756 15757 15758 15759 15760 15761 15762 15763 15764 
	}
	weather={
		period={
			between={ 0.0 0.0 }
			temperature={ -10.0 35.0 }
			temperature_day_night={ 2.0 -2.0 }
			no_phenomenon=1.500
			rain_light=0.250
			rain_heavy=0.100
			snow=0.000
			blizzard=0.000
			arctic_water=0.000
			mud=0.000
			sandstorm=0.000
			min_snow_level=0.000
		}
	}
}
