
strategic_region={
	id=28
	name="STRATEGICREGION_28"
	provinces={
		443 443 464 986 986 1185 1185 1321 1705 2546 2591 2591 2686 2686 3118 3139 3829 3909 3909 4304 4304 4503 4503 4819 6346 6346 6358 6455 6455 9371 9423 10350 10840 11048 11121 11174 11387 11447 11466 11467 12106 12132 12156 12173 12202 12363 12707 12802 12856 13541 14488 14568 15479 15491 15518 15523 15563 15577 15709 15832 15834 15835 15836 15837 15838 15841 
	}
	weather={
		period={
			between={ 0.0 0.0 }
			temperature={ -10.0 35.0 }
			temperature_day_night={ 2.0 -2.0 }
			no_phenomenon=1.500
			rain_light=0.250
			rain_heavy=0.100
			snow=0.000
			blizzard=0.000
			arctic_water=0.000
			mud=0.000
			sandstorm=0.000
			min_snow_level=0.000
		}
	}
}
