
strategic_region={
	id=29
	name="STRATEGICREGION_29"
	provinces={
		466 466 545 545 1253 1253 2024 2024 2104 2173 2173 2189 2251 2251 2511 2511 2512 2512 2600 2600 3283 3283 3284 3284 3599 3599 3666 3736 3736 4623 4623 4650 4650 5291 5291 5962 5962 6398 6398 6560 6626 6626 6668 6668 9225 9225 9230 9230 9237 9237 9244 9244 9249 9252 9252 9260 9273 9273 9276 9276 9279 9279 9309 9309 9352 9352 10421 10548 10842 10930 10943 11093 11109 11157 11261 11491 11635 11648 11721 12063 12096 12112 12142 12184 12294 12307 12346 12409 12592 12666 12677 12688 12700 12864 13177 13195 13228 13385 13620 14013 14217 14413 14456 14517 14546 15365 15455 15475 15507 
	}
	weather={
		period={
			between={ 0.0 0.0 }
			temperature={ -10.0 35.0 }
			temperature_day_night={ 2.0 -2.0 }
			no_phenomenon=1.500
			rain_light=0.250
			rain_heavy=0.100
			snow=0.000
			blizzard=0.000
			arctic_water=0.000
			mud=0.000
			sandstorm=0.000
			min_snow_level=0.000
		}
	}
}
