
strategic_region={
	id=3
	name="STRATEGICREGION_3"
	provinces={
		1721 1721 1885 1885 2170 2170 3911 3911 4223 4223 4276 4276 5022 5022 5089 5089 5429 5429 5909 5909 6204 6204 6496 6496 7509 8614 8641 8641 8657 8657 8664 8664 8666 8666 8694 8694 8705 8705 8713 8713 8720 8720 8736 8736 8764 8764 8771 8771 8793 8793 8810 8810 10302 10302 10304 10304 10305 10305 10307 10307 10310 10311 10311 10322 10369 10450 10607 10746 10772 10810 10824 10875 10898 10934 11037 11111 11303 11662 12092 12144 12296 12350 12455 12573 12574 12676 12754 12783 12958 13171 13497 13581 13939 14064 14296 14390 14403 14776 14971 15055 15081 15132 15134 
	}
	weather={
		period={
			between={ 0.0 0.0 }
			temperature={ -10.0 35.0 }
			temperature_day_night={ 2.0 -2.0 }
			no_phenomenon=1.500
			rain_light=0.250
			rain_heavy=0.100
			snow=0.000
			blizzard=0.000
			arctic_water=0.000
			mud=0.000
			sandstorm=0.000
			min_snow_level=0.000
		}
	}
}
