
strategic_region={
	id=30
	name="STRATEGICREGION_30"
	provinces={
		30 285 1002 1190 1554 1709 1994 2575 2671 2858 3131 3294 3412 3454 3515 3641 3814 3845 3866 4212 4239 4765 4824 4853 5011 5210 5335 5726 6005 6067 6082 6201 6266 6421 6429 8867 8874 8886 8903 8909 8928 8944 8970 8982 8990 8992 8994 9002 9020 9026 9040 9077 9078 9097 15903 15909 15910 15911 15915 15917 15918 15919 15922 15925 15928 15929 15930 15931 15932 15944 15947 15948 15949 15950 15951 15954 15955 15956 15959 15960 15961 15962 15966 15967 15968 15969 15981 15982 15987 15988 15990 15991 15994 15995 15996 15997 
	}
	weather={
		period={
			between={ 0.0 0.0 }
			temperature={ -10.0 35.0 }
			temperature_day_night={ 2.0 -2.0 }
			no_phenomenon=1.500
			rain_light=0.250
			rain_heavy=0.100
			snow=0.000
			blizzard=0.000
			arctic_water=0.000
			mud=0.000
			sandstorm=0.000
			min_snow_level=0.000
		}
	}
}
