
strategic_region={
	id=31
	name="STRATEGICREGION_31"
	provinces={
		186 186 280 280 280 509 509 893 1235 1235 1335 1335 1335 1948 1948 1948 1961 2010 2039 2912 2912 3013 3514 3514 3514 3535 3535 4184 4345 4415 4415 4415 4609 4609 4745 5073 5073 5167 5167 5167 5188 5430 5430 5430 5646 5983 6300 6300 6300 6411 6666 6666 8889 8889 8899 8899 8908 8908 8910 8910 8913 8913 8924 8931 8936 8936 8954 8954 8964 9001 9024 9031 9047 9047 9047 9053 9053 9053 9054 9067 9073 9085 9096 9100 9110 9110 9110 9111 9114 9125 9140 10427 10477 10678 10716 11033 11566 11916 12870 13036 13304 14933 15934 15935 15936 15937 15938 15939 15941 15942 15943 15945 15946 15952 15953 15957 15973 15974 15976 15977 15978 15979 15980 15984 15986 16010 16010 
	}
	weather={
		period={
			between={ 0.0 0.0 }
			temperature={ -10.0 35.0 }
			temperature_day_night={ 2.0 -2.0 }
			no_phenomenon=1.500
			rain_light=0.250
			rain_heavy=0.100
			snow=0.000
			blizzard=0.000
			arctic_water=0.000
			mud=0.000
			sandstorm=0.000
			min_snow_level=0.000
		}
	}
}
