
strategic_region={
	id=32
	name="STRATEGICREGION_32"
	provinces={
		133 190 223 869 1157 1903 2009 2016 2241 3259 3299 3371 3526 3925 4084 4110 4292 4380 4384 4565 4906 5002 5212 5309 5400 5829 6217 6297 6677 8351 8367 8423 8428 8444 8455 8475 8495 8518 8524 8535 8541 8550 8573 8578 8580 8618 8619 8622 8623 8672 8680 8698 8714 11434 11477 11603 11685 11860 11960 12020 12212 12428 13302 13524 13966 14114 14298 15002 15014 
	}
	weather={
		period={
			between={ 0.0 0.0 }
			temperature={ -10.0 35.0 }
			temperature_day_night={ 2.0 -2.0 }
			no_phenomenon=1.500
			rain_light=0.250
			rain_heavy=0.100
			snow=0.000
			blizzard=0.000
			arctic_water=0.000
			mud=0.000
			sandstorm=0.000
			min_snow_level=0.000
		}
	}
}
