
strategic_region={
	id=35
	name="STRATEGICREGION_35"
	provinces={
		4 5 29 31 32 41 61 86 91 110 114 127 135 149 159 166 170 187 203 210 213 218 222 236 238 250 254 263 282 283 303 307 309 312 324 333 335 375 383 388 419 424 428 437 449 452 454 455 473 474 484 496 504 516 529 532 535 537 539 543 550 572 575 584 588 591 595 619 639 669 683 723 729 730 731 747 759 762 763 788 789 796 808 857 871 901 902 904 909 911 916 934 942 969 983 984 993 1006 1022 1035 1052 1055 1066 1072 1101 1105 1116 1136 1144 1158 1164 1169 1175 1181 1183 1187 1191 1196 1207 1209 1210 1231 1240 1250 1261 1277 1278 1311 1318 1340 1342 1344 1349 1361 1362 1369 1377 1386 1394 1401 1407 1429 1430 1431 1441 1444 1472 1483 1495 1496 1506 1509 1534 1543 1545 1559 1567 1569 1572 1579 1582 1585 1591 1596 1603 1606 1616 1620 1627 1635 1638 1652 1661 1664 1673 1699 1712 1716 1717 1729 1738 1740 1748 1751 1758 1764 1772 1778 1794 1812 1816 1843 1849 1870 1881 1882 1883 1900 1915 1920 1926 1935 1941 1944 1953 1958 1960 1966 1970 1973 1989 1990 1993 1996 2000 2017 2027 2042 2050 2061 2070 2092 2113 2118 2124 2126 2148 2171 2174 2175 2205 2209 2213 2221 2229 2240 2248 2256 2277 2294 2299 2314 2318 2323 2325 2331 2335 2344 2349 2351 2361 2364 2371 2376 2386 2396 2399 2415 2442 2448 2458 2465 2491 2495 2516 2520 2547 2550 2551 2553 2556 2583 2585 2590 2595 2605 2607 2614 2620 2624 2631 2634 2649 2651 2664 2672 2673 2692 2695 2702 2707 2719 2722 2725 2729 2733 2767 2768 2772 2783 2796 2798 2809 2818 2822 2837 2861 2867 2880 2881 2882 2886 2899 2921 2925 2937 2946 2950 2964 2965 2967 2972 2977 2978 2981 2982 2983 2988 2991 3000 3003 3019 3033 3035 3037 3047 3054 3064 3065 3074 3075 3080 3082 3104 3106 3109 3124 3132 3142 3143 3144 3166 3175 3178 3188 3194 3198 3218 3243 3260 3275 3281 3285 3296 3298 3302 3304 3309 3339 3351 3368 3374 3379 3389 3391 3393 3400 3413 3414 3416 3417 3429 3449 3456 3460 3466 3473 3491 3503 3506 3524 3549 3552 3553 3554 3563 3567 3573 3581 3586 3594 3600 3618 3620 3622 3639 3650 3677 3682 3684 3701 3722 3733 3739 3743 3767 3772 3808 3823 3831 3837 3848 3857 3872 3892 3917 3920 3933 3935 3939 3940 3941 3958 3959 3971 3972 3981 3992 3997 4001 4007 4010 4014 4015 4045 4046 4072 4089 4094 4114 4119 4121 4137 4147 4148 4151 4153 4181 4190 4196 4199 4204 4207 4208 4213 4215 4224 4225 4230 4243 4247 4248 4256 4277 4283 4290 4315 4324 4346 4350 4358 4359 4366 4369 4371 4372 4377 4395 4397 4416 4422 4423 4426 4447 4448 4450 4451 4455 4459 4477 4492 4512 4533 4536 4537 4554 4571 4573 4585 4593 4597 4599 4602 4604 4622 4629 4649 4658 4664 4670 4671 4677 4685 4694 4695 4702 4709 4718 4724 4729 4742 4756 4766 4768 4772 4775 4810 4845 4846 4857 4871 4879 4885 4892 4893 4894 4897 4909 4929 4935 4950 4953 4955 4962 4976 4982 4991 4993 4997 5006 5012 5016 5026 5027 5034 5065 5070 5082 5085 5117 5125 5127 5135 5139 5157 5173 5179 5182 5184 5192 5196 5201 5202 5213 5215 5221 5232 5236 5250 5260 5272 5276 5277 5282 5293 5294 5302 5304 5319 5341 5349 5371 5375 5385 5392 5399 5408 5409 5419 5423 5432 5436 5464 5466 5467 5474 5480 5489 5497 5498 5500 5501 5512 5513 5518 5523 5530 5537 5539 5555 5562 5570 5579 5607 5619 5656 5668 5678 5684 5689 5705 5709 5710 5731 5736 5743 5744 5752 5758 5765 5775 5777 5784 5785 5789 5797 5799 5808 5834 5857 5882 5883 5889 5902 5906 5936 5946 5947 5964 5984 5986 5992 5993 5999 6000 6029 6040 6071 6078 6083 6085 6097 6121 6122 6123 6139 6147 6151 6157 6165 6174 6177 6208 6210 6216 6232 6237 6239 6242 6269 6275 6286 6287 6331 6332 6337 6345 6368 6377 6381 6388 6394 6422 6426 6446 6456 6467 6471 6517 6523 6537 6541 6547 6553 6564 6568 6577 6589 6590 6595 6612 6615 6628 6687 6693 6697 6712 9112 9119 9120 9145 9146 9149 9183 9201 9208 9211 9215 9216 9217 9228 9236 9239 9240 9243 9246 9247 9248 9254 9262 9263 9266 9274 9275 9277 9278 9281 9288 9289 9297 9303 9305 9312 9314 9317 9320 9324 9325 9326 9331 9334 9337 9339 9340 9342 9345 9346 9350 9355 9357 9359 9360 9363 9369 9374 9379 9381 9383 9384 9386 9390 9394 9395 9399 9401 9403 9404 9405 9407 9408 9412 9413 9416 9419 9420 9422 9424 9426 9428 9429 9430 9431 9435 9437 9438 9439 9440 9445 9446 9447 9453 9454 9455 9460 9464 9466 9470 9473 9475 9476 9477 9478 9480 9481 9490 9492 9493 9494 9495 9496 9499 9500 9502 9504 9508 9510 9512 9513 9516 9517 9518 9519 9521 9522 9523 9525 9528 9529 9532 9533 9534 9536 9537 9543 9544 9545 9553 9557 9559 9562 9563 9564 9568 9569 9571 9572 9573 9576 9579 9580 9583 9587 9588 9591 9593 9595 9599 9606 9607 9612 9613 9615 9617 9618 9623 9624 9628 9631 9633 9634 9635 9640 9641 9645 9647 9648 9650 9655 9656 9657 9658 9659 9660 9663 9667 9668 9674 9678 9679 9686 9690 9692 9696 9700 9701 9703 9705 9706 9710 9712 9724 9725 9726 9727 9730 9732 9733 9737 9742 9743 9745 9746 9747 9748 9750 9752 9753 9755 9756 9759 9761 9762 9763 9764 9767 9768 9769 9770 9773 9774 9776 9777 9779 9781 9784 9791 9796 9797 9798 9800 9801 9805 9813 9816 9817 9820 9823 9824 9826 9827 9828 9829 9833 9838 9839 9840 9842 9843 9846 9848 9854 9855 9858 9859 9862 9863 9865 9866 9870 9872 9873 9874 9875 9878 9882 9885 9886 9887 9892 9894 9895 9897 9898 9902 9903 9912 9914 9916 9917 9920 9925 9929 9930 9936 9937 9938 9939 9940 9945 9948 9949 9951 9952 9961 9963 9964 9965 9967 9971 9973 9975 9978 9983 9991 9994 9995 9998 9999 10000 10006 10009 10012 10013 10017 10022 10023 10024 10025 10026 10028 10029 10032 10033 10040 10044 10045 10046 10048 10049 10050 10052 10053 10057 10059 10060 10062 10063 10065 10066 10068 10071 10072 10073 10075 10076 10079 10081 10082 10091 10093 10094 10097 10098 10099 10105 10109 10111 10114 10115 10118 10119 10122 10124 10131 10140 10145 10150 10152 10155 10163 10168 10169 10170 10171 10179 10190 10194 10198 10212 10218 10323 10326 10327 10328 11794 11886 12388 13958 14467 
	}
	weather={
	}
}
