
strategic_region={
	id=36
	name="STRATEGICREGION_36"
	provinces={
		28 417 479 508 650 863 907 1176 1274 1380 1395 1452 1514 1654 1895 1947 2008 2028 2336 2428 2593 2636 2659 2681 2687 2743 2994 3031 3083 3180 3189 3331 3382 3397 3408 3426 3539 3590 3704 3838 3854 3870 3949 4005 4034 4130 4343 4347 4467 4612 4632 4700 4760 4795 4807 4821 4876 4920 4959 5004 5061 5175 5187 5190 5259 5269 5331 5363 5373 5390 5459 5533 5782 5814 5893 5950 6051 6182 6195 6244 6293 6341 6410 6460 6481 6522 6558 6571 6632 6674 8906 8949 8952 8960 8961 8973 8975 8986 9013 9014 9027 9032 9038 9042 9043 9044 9051 9056 9060 9061 9062 9065 9071 9080 9091 9092 9098 9104 9105 9108 9115 9118 9123 9126 9127 9138 9143 9144 9148 9155 9157 9161 9162 9165 9166 9174 9182 9187 9192 9206 9207 9219 9221 9226 9238 9241 9245 9255 9267 
	}
	weather={
	}
}
