
strategic_region={
	id=37
	name="STRATEGICREGION_37"
	provinces={
		6 7 18 102 107 676 1289 2353 2852 3640 4091 4511 5434 6060 6735 6828 6838 11569 15733 16066 16067 16068 16069 16070 16071 16072 16073 16074 16075 16076 16077 16078 16079 16080 16081 16082 16083 16084 16085 16086 16087 16088 16089 16090 16091 16092 16093 16094 16095 16096 16097 16098 16099 16100 16101 16102 16103 16104 16105 16106 16107 16108 16109 16110 16111 16112 16113 16114 16115 16116 16118 16120 16121 16122 16123 16124 16125 16126 16133 16134 16135 16136 16139 
	}
	weather={
	}
}
