
strategic_region={
	id=4
	name="STRATEGICREGION_4"
	provinces={
		123 123 514 514 855 855 1007 1007 1723 1723 1776 1776 1814 1814 1875 1875 2437 2437 2468 2468 2890 2956 2956 3134 3134 3435 3435 3716 3716 3805 3805 4517 4517 4811 4811 5043 5043 5226 5226 5514 5932 5932 6468 6510 6510 6514 6539 6539 8675 8675 8689 8689 8697 8697 8729 8729 8737 8737 8774 8774 8791 8791 8811 8811 8812 8816 8822 8822 8832 8832 10377 10571 10673 10770 11107 11185 11251 11353 11362 11397 11598 12018 12098 12162 12508 13172 13290 13379 13512 13616 13674 13767 13881 13891 13927 14080 14299 14474 15151 15156 15804 15804 15806 15806 15808 15808 
	}
	weather={
		period={
			between={ 0.0 0.0 }
			temperature={ -10.0 35.0 }
			temperature_day_night={ 2.0 -2.0 }
			no_phenomenon=1.500
			rain_light=0.250
			rain_heavy=0.300
			snow=0.000
			blizzard=0.000
			arctic_water=0.000
			mud=0.000
			sandstorm=0.000
			min_snow_level=0.000
		}
	}
}
