
strategic_region={
	id=5
	name="STRATEGICREGION_5"
	provinces={
		397 397 517 517 998 998 1600 1600 1828 1828 2081 2106 2807 2807 3968 3968 4486 4486 4690 4690 4910 4910 5224 5224 5421 5807 5967 5967 6084 6196 8494 8494 8517 8517 8521 8521 8522 8534 8534 8548 8548 8549 8555 8555 8556 8560 8564 8564 8572 8577 8583 8583 8591 8591 8592 8592 8595 8606 8606 8607 8607 8638 8638 8648 8648 8671 8671 8679 8679 8690 8690 8700 8700 10391 10521 10557 10656 10665 10788 11522 11761 11976 11978 12000 12862 13025 13115 13189 13442 13664 13916 14126 15195 15805 15805 15809 15809 15811 15811 15813 15813 
	}
	weather={
		period={
			between={ 0.0 0.0 }
			temperature={ -10.0 35.0 }
			temperature_day_night={ 2.0 -2.0 }
			no_phenomenon=1.500
			rain_light=0.250
			rain_heavy=0.100
			snow=0.000
			blizzard=0.000
			arctic_water=0.000
			mud=0.000
			sandstorm=0.000
			min_snow_level=0.000
		}
	}
}
