
strategic_region={
	id=6
	name="STRATEGICREGION_6"
	provinces={
		325 381 450 570 801 1159 2210 2383 2391 2489 2698 3270 3406 3418 3422 3470 3605 3723 3821 3841 4074 4080 4129 4480 4697 4851 5000 5379 5679 5961 5980 6187 8691 8712 8727 8749 8770 8780 8783 8798 8801 8819 8826 8837 8855 8861 8865 8872 8883 8884 8901 8904 8915 8920 8948 8971 10762 12371 12505 12537 12922 13491 13568 13733 14164 14327 15773 15774 15775 15776 15777 15785 15788 15789 16016 16019 16024 16025 16027 16028 16031 16032 16034 16035 16036 16037 16038 16039 16040 16042 16043 16044 16045 16046 16047 16048 16049 16050 16051 16052 16053 16054 16055 16056 16057 16058 16059 16060 
	}
	weather={
		period={
			between={ 0.0 0.0 }
			temperature={ -10.0 35.0 }
			temperature_day_night={ 2.0 -2.0 }
			no_phenomenon=1.500
			rain_light=0.250
			rain_heavy=0.100
			snow=0.000
			blizzard=0.000
			arctic_water=0.000
			mud=0.000
			sandstorm=0.000
			min_snow_level=0.000
		}
	}
}
