
strategic_region={
	id=7
	name="STRATEGICREGION_7"
	provinces={
		599 599 1412 1807 1807 2038 2038 2354 2735 2735 2839 2839 2961 2976 2976 3070 3070 3190 3190 3500 3761 3761 4060 4060 4337 4337 4840 4840 5014 5476 5488 5488 5706 5706 5713 5713 5821 6058 6058 6326 6326 6435 6435 6549 6549 6622 6635 8537 8537 8538 8559 8567 8599 8617 8617 8628 8636 8636 8663 8663 8670 8670 8678 8678 8707 8707 8758 8758 8763 8763 10382 10423 10551 10679 10758 10767 10962 10996 11036 11113 11317 11341 11347 11505 11647 11846 12170 12372 12502 12695 12713 12905 13083 13274 13861 13957 15408 15742 
	}
	weather={
		period={
			between={ 0.0 0.0 }
			temperature={ -10.0 35.0 }
			temperature_day_night={ 2.0 -2.0 }
			no_phenomenon=1.500
			rain_light=0.250
			rain_heavy=0.100
			snow=0.000
			blizzard=0.000
			arctic_water=0.000
			mud=0.000
			sandstorm=0.000
			min_snow_level=0.000
		}
	}
}
