4 11 12763 15327 6444 14021 13870 11141 15741 3094 2853 15028 10590 
4 14 1084 12393 15757 4308 15764 15761 199 1832 11552 14640 9365 15262 659 9329 
4 32 9006 15766 4589 15771 15772 8967 8948 15785 15788 8915 4043 16026 12151 8925 15787 11567 6093 13230 6223 5020 14080 12162 13290 1875 12098 14474 6510 8729 14299 6496 8720 11662 
4 9 14655 11374 4618 14377 4417 14150 15077 8863 10342 
4 8 4308 15762 184 14120 6647 10416 4263 3606 
4 10 11967 3542 9233 364 9242 3773 5974 3606 9234 5820 
4 10 15845 9268 2184 15847 652 16061 9237 11093 9230 11648 
4 8 5820 4018 9250 11308 4264 3061 13591 11044 
4 12 11044 9229 3305 758 13970 15 9186 16002 9176 16004 15794 9136 
4 11 16063 397 11978 15809 12000 10391 13664 8648 10656 14126 5224 
4 4 9114 15973 9111 9140 
4 17 9140 9152 9172 9178 563 9196 14344 4250 14797 9205 3197 15850 15851 9198 15853 3407 9181 
4 7 9181 15858 3322 15864 9128 15883 4994 
4 4 15883 15889 6682 9094 
4 6 15883 15888 5374 97 15899 9083 
4 4 1587 15907 9090 4994 
4 3 9021 15923 9006 
3 4 9079 6262 15905 9021 
1 3 1587 15913 15905 
1 4 1587 5142 9017 9021 
2 6 4589 16017 15767 15768 2085 9012 
2 16 15965 6035 4707 6266 15932 8944 6201 3866 15967 15962 4765 3131 2575 3814 4745 15979 
2 10 9017 15924 6474 8991 616 15963 2799 3522 8946 15965 
4 3 5209 15902 9083 
4 10 15994 15995 15991 15970 1830 15965 15929 4239 9040 5209 
3 11 9094 15894 2091 9132 15871 15868 9154 15859 15856 9173 15858 
2 6 2575 15950 15959 9002 15954 6067 
2 11 15979 8964 5073 13304 6666 8936 3621 10885 1780 16014 2766 
4 10 10342 1244 15144 8857 15280 12837 2742 15399 3702 15994 
1 4 2742 4952 14105 3928 
4 6 6603 15272 13227 8834 8841 14655 
1 2 8817 13227 
4 4 4187 76 10710 6603 
4 3 366 12091 4187 
4 7 12891 8725 13413 4926 10365 8767 366 
4 2 8719 12891 
1 3 4561 13959 8719 
4 9 366 14055 8820 12070 380 14912 1453 8882 4154 
2 7 11111 10369 5089 12144 4223 8812 2890 
1 3 2890 11251 6514 
2 5 8713 6204 10302 8764 11111 
3 6 15134 12754 14776 10824 10311 10302 
1 6 5089 12783 12958 12350 13497 8720 
3 7 12676 14971 8666 12092 10304 7509 8713 
2 6 8705 10450 2170 5022 13939 10304 
2 3 10322 10310 13171 
2 2 13171 15134 
1 2 4276 13171 
4 4 12212 15014 133 14064 
4 8 14064 12676 1885 12296 8657 13581 8664 5224 
4 2 11662 13581 
1 10 4906 11477 13302 8672 223 13524 8680 8714 11860 8705 
2 9 15998 9212 16000 9194 16003 77 16006 15793 16004 
2 5 3888 10471 16008 5652 15794 
4 4 11648 12063 15656 15 
1 4 15 9179 11166 3888 
1 6 9114 15935 15934 4184 9125 3888 
1 5 9114 15939 9096 15974 15953 
1 3 9031 15953 4212 
1 3 15979 15978 9031 
1 7 4212 6421 6005 6067 3845 15947 5440 
2 4 9172 1703 15866 3207 
2 10 6544 15887 15880 9131 9153 15854 9169 15855 6387 9198 
1 4 3148 15875 787 15855 
1 5 6474 5482 15964 15983 3864 
1 4 13815 10951 13269 8939 
1 3 9063 12498 14796 
1 4 11707 8940 13605 4562 
4 5 11967 13391 11815 10728 5463 
4 5 2635 12413 11488 9257 365 
4 9 9329 175 9298 12319 10486 3798 12928 15060 365 
2 6 1084 4636 9348 10811 10865 3161 
1 7 1084 6296 12227 11810 1140 12024 3558 
1 8 4308 15763 15333 6301 13688 2522 15606 5308 
1 3 12063 6626 545 
1 6 2541 15828 11292 11127 15715 5251 
1 8 145 11793 14287 13897 6431 4272 15846 9268 
1 6 2031 11148 14681 6167 13875 5310 
2 7 5310 11657 1123 6007 13203 13353 1326 
1 8 8985 11557 13038 11438 15781 11230 3532 1326 
1 6 1326 12712 8956 10610 4932 11567 
1 4 8860 14873 12042 380 
1 5 8775 15288 12779 8748 4561 
1 3 5440 15896 6544 
1 6 4623 13620 2600 13195 10930 12063 
2 5 2511 10421 12864 9252 3061 
1 7 8744 14829 4532 10376 1644 11881 11367 
1 5 12731 5987 1893 12624 10376 
1 4 3927 11531 8766 10376 
1 9 16057 13491 5961 3841 12371 5488 8636 12502 599 
1 6 16039 16040 8872 16047 8826 16057 
2 4 8904 15774 16027 8920 
1 5 16039 16038 16036 16035 8920 
1 4 15771 8951 8938 8920 
1 7 8904 15776 15773 16024 5679 16025 8915 
1 6 8915 5379 16032 8855 16046 3422 
1 5 8697 10377 6510 13767 6514 
1 6 15156 15804 11397 1007 10571 10377 
2 3 15156 8689 16063 
1 6 3716 11598 4811 15808 8675 15156 
1 8 11341 3190 12372 6549 13083 1807 11347 3716 
4 5 8599 3500 10382 8559 12984 
4 5 8599 2839 599 10423 11317 
4 8 15812 8582 14720 8571 2644 12554 4928 12984 
4 4 15812 11105 8643 16063 
2 4 9202 1813 11493 15327 
1 8 3509 10485 3469 13357 11683 2239 11432 9284 
1 6 340 10360 803 9367 1409 6580 
2 6 4503 12707 1321 10350 15563 3909 
2 4 3139 15523 15577 4503 
2 3 3310 10595 9113 
2 6 10751 1458 9101 5580 9106 9113 
1 6 9202 13862 3395 15317 13272 3310 
2 4 5018 9050 10956 10751 
1 4 4375 8993 9030 5018 
1 4 14796 13700 5586 4375 
2 4 1244 10775 2168 8824 
1 7 11909 10848 5750 12710 5994 8747 11117 
1 6 1710 11909 1878 11807 2724 8744 
1 3 16057 4851 11367 
2 5 2461 12717 2029 8726 4896 
1 7 2461 15120 476 11091 5934 12852 3020 
1 10 3020 3886 8769 8740 13238 3591 14551 2537 12599 5711 
4 9 4154 14486 4562 14672 3839 14796 3836 9087 832 
4 11 832 14109 9151 14183 9175 1014 12196 9218 9209 10921 12631 
4 7 12631 5463 4113 10370 2635 11402 12763 
1 5 12196 9189 11271 10348 6037 
4 7 3509 11407 6580 10353 11618 802 10590 
1 6 175 3988 11546 14174 4069 11815 
1 11 175 11260 5233 14207 9347 4456 15188 6073 14986 3953 340 
1 4 9252 3284 12677 4623 
1 8 3061 11676 12237 4092 9177 4498 14847 10862 
2 5 5374 6483 15882 15870 3322 
1 4 3148 9089 15901 5209 
1 3 15979 15986 1961 
1 4 4618 13055 4306 1961 
1 7 3928 8847 15042 558 3873 11788 12731 
1 3 15743 11025 13815 
1 4 2170 10898 8641 14971 
1 5 10391 2807 8591 8564 13189 
1 3 14126 10557 8607 
1 4 13083 5014 6635 8559 
1 3 12554 2259 5587 
1 3 3888 10784 5327 
1 3 10862 4979 5327 
1 8 3558 13455 3154 1005 12363 15518 11387 4503 
1 3 2377 15745 13413 
1 2 15739 37 
1 3 380 13124 37 
1 6 223 8618 4565 15014 8578 11685 
1 4 8939 14790 11770 11707 
1 4 11117 12352 13933 5711 
1 7 11341 2976 12713 15742 13861 8617 599 
1 5 5210 15917 15922 8994 6266 
1 6 6037 11007 14906 13469 2110 1458 
1 6 3161 11918 3599 12112 466 2511 
1 2 4896 12779 
4 4 1934 15163 2579 11317 
4 10 1934 8505 249 6131 13482 8489 11246 5637 14739 2237 
4 10 3989 8587 6565 1192 3327 8563 12830 8528 1325 2237 
4 12 3989 8646 8645 323 8662 14306 14645 8654 12496 8631 11155 4132 
1 5 8747 6329 14476 10530 5577 
1 3 8528 11063 3353 
1 3 1710 4999 3353 
1 4 8587 1054 10671 5577 
2 3 8824 5010 11117 
4 6 6317 6141 10366 11448 6155 14033 
4 5 14033 7113 12819 11871 7151 
3 4 11448 15623 13266 14770 
3 3 7113 10645 3824 
4 6 7300 12188 1284 4654 10592 7151 
1 4 1284 12606 14054 11529 
1 5 1284 13769 14311 10535 10632 
1 4 4654 10502 7219 10547 
2 5 11238 3537 12045 11736 2615 
4 9 12212 5400 8518 190 8455 11482 8444 5309 8367 
4 9 574 8341 12686 11064 8392 2985 1773 14522 8367 
4 10 12037 11201 13015 13061 10961 11358 11933 14943 13644 574 
4 4 6654 11165 12216 7300 
4 2 2307 6654 
1 3 2107 7285 11165 
1 4 11165 10804 7355 7395 
1 6 11707 4900 1068 14491 11445 8882 
2 13 8489 8513 3498 8579 8597 12186 15030 1662 15057 6187 13733 325 5961 
1 10 11246 2292 10617 8414 14800 701 8345 14985 8257 2568 
3 5 190 8495 12594 12691 14063 
1 8 14063 14851 8580 14897 15002 8623 12020 11477 
1 3 4380 10867 8444 
4 17 397 10665 15813 8606 8583 8555 4349 2046 8427 2088 8372 5828 8294 718 8225 5265 8163 
3 18 8163 8137 3011 8103 3844 1836 4281 3042 13635 7951 7895 1708 7815 976 2857 5381 11318 14226 
4 24 14226 4232 11355 12630 12178 11694 4368 12293 5746 10684 13022 11205 13702 14622 15690 14035 3887 7141 7107 13600 7071 15368 7051 12748 
3 13 11311 10622 11658 12284 10749 7427 7424 12009 13925 1831 11863 10868 11198 
2 26 11198 15321 14698 12321 13470 14951 14191 12935 13474 10994 15237 15252 10458 12673 10344 14556 10522 13640 15574 13547 13326 11829 12706 14840 12027 12037 
4 30 11205 10468 7339 11285 7360 11125 7370 11780 3782 14535 7365 5019 15585 10944 12689 7440 10734 4231 12262 12775 3248 13400 11282 13952 7545 2849 392 15128 15390 7424 
1 2 1831 2849 
2 12 11311 15612 11149 7385 7415 7386 12285 3252 11092 7304 7257 13446 
1 5 11311 6313 11065 14709 12007 
2 8 7424 11030 11700 11922 4299 7320 14431 10763 
3 4 10622 4899 14439 688 
2 25 7320 14571 4332 11800 13100 2658 14156 14442 14961 12128 10792 14941 12773 12253 12693 4381 1788 11667 357 11514 6978 10924 6945 11408 4916 
1 5 10792 5727 6241 12495 4569 
1 9 13446 13988 7203 15089 7167 3282 7108 15063 4569 
2 6 599 11036 10381 14752 1162 8474 
2 10 8474 252 8432 5040 8361 1950 11637 14819 5772 10822 
2 9 10822 12589 14197 2284 14251 8140 2090 4849 11679 
1 4 10742 12715 12725 3536 
1 5 10742 7843 14459 1962 6427 
1 9 10742 15698 819 11267 749 7744 12068 5511 1888 
1 3 5511 3328 5151 
1 4 3536 4278 12230 10890 
1 5 4278 10779 2004 15393 2408 
3 3 8474 5795 8418 
2 5 14394 4251 8299 2803 10379 
1 9 2803 11398 3235 11194 8478 3714 12766 8554 8587 
1 9 14394 8250 4235 2212 14772 2332 12687 5917 2568 
3 7 8250 11921 2535 11451 5106 12657 12969 
1 5 10822 8234 8210 8227 4581 
2 5 2088 8376 8327 1783 12738 
1 4 8327 8321 8277 8252 
1 3 12738 12824 8251 
1 4 12738 14728 8273 8279 
1 3 14728 2813 11697 
1 5 5795 4728 5830 8479 8491 
1 5 5587 10398 1670 8391 11697 
1 5 5830 4884 8340 5477 2675 
2 8 8418 6383 8359 8312 12510 2947 8209 12589 
1 4 4721 15704 14731 774 
1 9 4721 5741 11463 781 6043 999 14315 6525 11921 
1 2 4721 8165 
1 5 774 8054 5698 4942 7938 
1 4 7938 7900 2817 14992 
1 6 7938 1146 8019 5332 11055 2090 
3 8 5712 4583 15713 7784 299 11412 11801 2315 
2 11 2315 5981 6550 10668 1179 7591 12040 1946 15647 11052 371 
1 3 15647 13845 7638 
1 4 371 7760 10601 11925 
1 4 2315 7615 6681 3922 
1 3 7615 1500 7500 
2 6 2315 778 4507 7725 5441 690 
2 5 10752 12836 2485 14499 690 
1 5 14499 3071 11338 12572 1212 
1 3 10752 2228 5894 
4 4 12969 689 8034 840 
1 10 11451 8112 960 1059 10940 2467 7907 14560 11551 7821 
1 4 10940 6650 3692 4109 
1 2 7821 7842 
1 4 2467 3467 7998 7977 
1 8 8054 12644 8037 5852 10732 7939 3021 5712 
3 3 840 7949 3692 
1 6 5828 1584 6401 8373 3628 8401 
1 4 5397 4201 8123 8103 
3 7 1085 7920 7926 4981 11692 11776 10663 
3 11 10663 14821 12503 7851 13609 7781 6100 7705 11140 1803 1622 
3 9 1622 7679 4652 10475 453 341 7700 268 5735 
3 19 5735 3366 2001 7889 7848 7875 1438 1141 5123 5551 3653 8066 5225 13068 4301 2298 5703 2034 8163 
3 5 1085 2456 5060 4203 7875 
2 7 11692 1350 12960 14283 4090 6563 3011 
1 9 1803 13719 7630 11946 5037 3484 4631 15328 6689 
1 3 7700 2264 14144 
1 8 1085 6623 3067 7826 475 4568 1061 10475 
2 11 13068 11050 8186 1869 470 402 8308 12898 14179 2434 14522 
1 11 12898 2219 12968 112 6285 1368 8108 8077 4028 4405 14806 
2 8 4028 8020 15010 11137 14020 12943 15325 12673 
2 7 12673 12827 14996 11178 12550 13295 3213 
1 5 10458 12838 14769 15223 10587 
1 5 10587 14110 12320 13225 3213 
1 10 3213 13452 1355 14671 3468 10726 3770 7745 12203 4592 
1 7 11198 11102 10347 2423 11096 10456 7745 
2 21 13640 10537 11705 11018 14147 10808 10539 15167 11422 13251 13831 12844 15182 15196 10938 14749 11294 10614 14145 10988 10441 
1 8 12036 10991 11420 13465 11826 12236 15326 10614 
1 7 13640 14543 13926 11357 12955 13200 10458 
1 3 12036 11330 14543 
1 10 11357 12607 14096 10503 14112 13098 11890 14586 11496 13607 
1 3 14586 11242 14084 
1 3 14951 15222 15293 
1 5 12009 12329 11812 14383 11413 
1 4 13719 11472 5078 11796 
2 3 6100 12548 1400 
1 12 7638 7647 3781 11574 3266 5366 7553 5444 11802 7605 13373 3007 
1 5 5366 4678 60 1742 493 
2 16 7553 3291 7433 7376 311 11180 7299 10615 1392 13231 12146 12637 15209 10339 1440 10708 
1 4 10708 1518 7155 12515 
1 3 10708 1844 10413 
1 2 15209 7191 
1 9 15209 1043 3409 11368 13440 2953 4429 10975 6148 
1 7 11355 11640 1417 11490 3819 13914 6148 
2 7 3007 7639 14115 11053 12373 1408 11711 
1 6 1417 12235 7608 12481 7617 12373 
1 6 7339 12817 10442 10638 14777 3484 
2 12 7700 5046 7653 12033 11187 2643 11832 12280 6704 3952 11110 13952 
1 6 11187 12370 13585 10948 2968 13275 
2 7 7592 4786 4566 10805 7524 10355 6689 
1 3 4652 12580 7592 
1 4 4786 11278 369 13275 
1 6 4566 11991 10452 7474 12110 5019 
3 13 15368 3688 2096 4295 12017 6261 11084 5881 1551 14993 11356 13451 10577 
1 10 13451 10731 12131 11336 485 10817 6980 11868 6991 11813 
1 4 10731 11396 11062 13533 
1 3 11062 12304 12567 
4 7 7071 7068 4594 6189 6111 10984 5275 
4 6 5275 10797 11168 6986 1266 12090 
4 7 6986 1987 11646 6273 11937 11987 12748 
2 10 6273 7011 4030 15381 6964 266 6919 989 16152 16160 
2 6 7011 10384 5326 3833 7033 6062 
2 5 6062 5921 14570 14973 10577 
4 4 7068 13598 15172 10972 
4 11 10972 10863 4195 7088 12388 3075 11794 13958 15078 10864 5275 
1 11 12090 6948 16145 6024 16151 16157 16167 16234 16237 1416 16253 
1 7 16160 6865 16233 16168 6610 16173 16174 
1 13 14973 11253 11489 302 6944 6917 2052 16156 16163 3575 16166 16171 16174 
1 10 6062 16183 16187 2390 16196 4252 16197 6934 16198 6917 
1 7 6944 16209 6965 1279 3314 16210 11813 
1 6 16210 16214 16215 16219 16222 16227 
1 5 14181 10851 6937 16216 16219 
2 6 357 6954 13331 1128 10851 14181 
1 3 10924 11193 507 
1 5 507 6912 6930 10978 1128 
2 13 6965 2795 16220 16224 16228 16230 16271 16273 16279 16283 16292 16296 6813 
1 3 16283 16286 16282 
2 12 16279 3673 16284 16281 6841 2365 6831 16288 16181 2150 16177 16174 
1 5 1400 7704 1693 3223 5381 
1 7 7951 3994 1272 7871 7888 14722 10663 
1 3 3042 13856 2638 
1 9 2675 8219 4883 5439 3719 4887 4905 656 4281 
1 5 8108 478 5253 6052 5123 
2 5 14806 13001 12628 12172 11358 
3 5 12037 13037 13063 12273 13398 
1 7 574 12065 2924 2526 14067 664 6285 
1 4 10763 3170 5222 297 
1 14 297 7256 11989 7245 13944 2086 5876 15716 7185 11508 3208 11572 7065 13533 
1 4 11125 5779 12470 14591 
1 7 11813 445 13041 1694 11101 6999 4381 
2 7 14941 11939 11144 10966 10907 4722 12128 
3 4 688 15407 11262 11700 
1 3 12007 10841 13446 
1 5 688 12275 12535 11865 4332 
1 4 4295 7089 10786 6010 
1 8 12388 11886 13899 967 12564 15193 712 12515 
1 6 10413 13338 15286 15225 3660 2347 
1 5 2347 15212 2053 6864 14218 
1 13 15225 10713 2856 10853 6929 11405 15514 5206 15453 11470 13150 11634 10864 
1 5 967 6490 13135 10964 11470 
1 5 13008 12255 15141 3380 10400 
2 7 15514 13965 13008 6918 6908 6923 16145 
1 6 14218 6852 12213 10745 6879 10400 
1 4 12213 10800 2852 7 
1 6 7 6060 16091 16100 2353 16113 
1 7 16113 16117 16118 16119 16124 16132 16133 
1 11 16253 3373 5755 16254 2181 16250 5024 16299 16302 16389 16394 
1 2 2181 16288 
1 5 16333 16340 16348 16366 16378 
1 3 16333 16331 16302 
1 3 6813 2057 16301 
1 6 16301 16534 16539 16543 16548 16552 
1 7 16552 6754 16551 16474 16466 1421 16473 
1 6 16539 16540 2737 16537 16530 16528 
1 3 16528 14352 10300 
1 5 10300 11843 16305 16306 16308 
1 5 1650 6747 4931 16315 16308 
1 3 1650 6528 16419 
1 4 16246 16242 16251 16258 
1 4 16258 16255 16508 16501 
1 5 6837 16499 2234 16498 16503 
1 2 16501 6837 
1 7 16503 16506 16516 1373 16526 16431 3686 
1 5 3686 16441 6786 16439 16442 
1 5 16442 2521 16460 16411 4059 
1 3 4059 16316 16308 
1 3 16419 16415 4059 
1 4 16258 2141 16385 16384 
1 6 16384 16388 6792 6783 16408 4059 
1 4 4042 15432 11968 2626 
1 2 11968 10515 
