1 77 
1 145 
1 175 
1 270 
1 297 
1 311 
1 340 
1 371 
1 380 
1 397 
1 470 
1 493 
1 545 
1 840 
1 1084 
1 1085 
1 1212 
1 1244 
1 1326 
1 1400 
1 1458 
1 1622 
1 1650 
1 1710 
1 1807 
1 1830 
1 1888 
1 2031 
1 2107 
1 2170 
1 2307 
1 2315 
1 2347 
1 2365 
1 2377 
1 2457 
1 2461 
1 2511 
1 2541 
1 2568 
1 2575 
1 2579 
1 2615 
1 2635 
1 2644 
1 2766 
1 2890 
1 3020 
1 3094 
1 3148 
1 3161 
1 3207 
1 3213 
1 3252 
1 3310 
1 3422 
1 3509 
1 3558 
1 3702 
1 3770 
1 3824 
1 3864 
1 3888 
1 3909 
1 4069 
1 4232 
1 4263 
1 4264 
1 4276 
1 4308 
1 4381 
1 4456 
1 4503 
1 4561 
1 4589 
1 4618 
1 4906 
1 4916 
1 5010 
1 5020 
1 5089 
1 5210 
1 5251 
1 5308 
1 5397 
1 5711 
1 5712 
1 5735 
1 5961 
1 6043 
1 6067 
1 6148 
1 6262 
1 6317 
1 6544 
1 6666 
1 6689 
1 7113 
1 7395 
1 7407 
1 7509 
1 7591 
1 7725 
1 7842 
1 7938 
1 8163 
1 8376 
1 8401 
1 8418 
1 8427 
1 8474 
1 8491 
1 8559 
1 8643 
1 8664 
1 8666 
1 8697 
1 8720 
1 8744 
1 8775 
1 8817 
1 8826 
1 8904 
1 8915 
1 8920 
1 8939 
1 8944 
1 9012 
1 9063 
1 9114 
1 9125 
1 9132 
1 9147 
1 9175 
1 9198 
1 9202 
1 9229 
1 9242 
1 9268 
1 9284 
1 10300 
1 10302 
1 10322 
1 10441 
1 10458 
1 10547 
1 10577 
1 10632 
1 10656 
1 10663 
1 10671 
1 10708 
1 10742 
1 10752 
1 10822 
1 10862 
1 11063 
1 11064 
1 11198 
1 11238 
1 11246 
1 11271 
1 11311 
1 11367 
1 11470 
1 11529 
1 11666 
1 11685 
1 11700 
1 11707 
1 11794 
1 11813 
1 12017 
1 12090 
1 12128 
1 12186 
1 12567 
1 12589 
1 12673 
1 12731 
1 12738 
1 12748 
1 12969 
1 13015 
1 13068 
1 13189 
1 13231 
1 13275 
1 13290 
1 13398 
1 13607 
1 13635 
1 13640 
1 13815 
1 13831 
1 13952 
1 14063 
1 14191 
1 14226 
1 14306 
1 14394 
1 14591 
1 14776 
1 15156 
1 15293 
1 15623 
1 15690 
1 15735 
1 15739 
1 15742 
1 15743 
1 15794 
1 15812 
1 15856 
1 15882 
1 15883 
1 15907 
1 15953 
1 15998 
1 16039 
1 16113 
1 16174 
1 16219 
1 16246 
1 16253 
1 16282 
1 16308 
1 16333 
1 16419 
1 16442 
1 16473 
1 16503 
1 16532 
1 16567 
