
state={
	id=107
	name="STATE_107"
	provinces={
		122 374 649 782 1015 1170 1189 1296 1308 1354 1404 1450 1486 1573 1697 1796 1866 2135 2140 2255 2384 2477 2572 2602 2690 2738 2782 2806 2905 3018 3062 3146 3354 3385 3423 3461 3462 3480 3720 3742 3900 4311 4414 4482 4523 4575 4610 4666 4736 4859 4901 4938 4940 4944 5044 5092 5153 5165 5172 5244 5249 5572 5629 5701 5787 5923 5953 6044 6318 6419 6649 6663 6728 6746 6763 6772 6791 6801 6806 6816 6827 6833 6834 6853 6855 6861 6872 6884 6902 
	}
	manpower=1
	buildings_max_level_factor=1.000
	state_category=pastoral
}
