
state={
	id=162
	name="STATE_162"
	provinces={
		194 227 350 519 542 561 647 751 765 846 878 1194 1222 1248 1260 1497 1614 1648 1657 1691 1734 1848 1927 2129 2138 2242 2282 2285 2302 2348 2413 2483 2504 2616 2706 2774 2892 2898 2913 3137 3156 3415 3726 3777 3908 4122 4145 4433 4682 5283 5368 5435 5771 5915 6026 6199 6428 6538 6640 6823 6848 6913 7007 7013 7056 7077 7104 7170 7171 7187 7224 7242 7357 7387 7434 7476 7483 7508 
	}
	manpower=1
	buildings_max_level_factor=1.000
	state_category=pastoral
}
