
state={
	id=2
	name="STATE_2"

	history={
		owner = WAS
		add_core_of = WAS

	}

	provinces={
		89 100 156 189 237 265 288 345 392 393 399 438 440 445 544 603 625 637 643 662 666 672 722 738 797 834 862 906 929 959 973 977 979 1026 1071 1083 1091 1155 1166 1178 1200 1293 1366 1493 1499 1511 1571 1597 1612 1625 1633 1639 1647 1686 1819 1822 1824 1865 1978 2067 2132 2234 2286 2525 2530 2592 2665 2670 2797 2812 2874 2876 2891 2893 2897 2908 2918 2952 3199 3211 3214 3217 3225 3280 3282 3306 3447 3487 3492 3530 3602 3635 3638 3663 3899 3952 3970 4270 4293 4425 4430 4431 4576 4634 4635 4637 4655 4692 4710 4786 4888 4921 4948 5049 5054 5063 5401 5528 5596 5636 5655 5673 5707 5779 5794 5859 5873 6171 6251 6472 6486 6516 6542 6715 6716 6717 6718 6734 6736 6737 6738 6754 6761 6764 6769 6783 6784 6786 6789 6790 6803 6818 6825 6829 6832 6837 6839 6846 6857 6862 6866 6874 6875 6876 6904 6926 6933 6937 6960 6961 6971 6972 6975 6989 6991 7004 7008 7060 7079 7120 7152 7156 7295 7389 7404 7474 7605 7610 7639 7665 10297 10298 10299 10301 10303 10355 10380 10400 10402 10405 10430 10552 10569 10578 10638 10717 10771 10774 10783 10817 10946 10948 10978 10990 11035 11101 11114 11164 11203 11211 11227 11229 11478 11514 11521 11575 11630 11640 11663 11668 11726 11732 11767 11802 11938 11942 11991 12013 12023 12033 12066 12111 12122 12280 12597 12775 12845 12911 13019 13024 13100 13117 13527 13531 13630 13871 13914 14089 14454 14528 14578 14657 14759 14777 14837 14867 15127 15141 15242 15281 15304 16117 16119 16127 16128 16129 16130 16131 16132 16135 16137 16138 16140 16141 16142 16186 16207 16214 16218 16310 16312 16352 16354 16355 16358 16360 16363 16365 16366 16368 16370 16374 16375 16379 16380 16381 16382 16383 16385 16389 16391 16401 16405 16409 16413 16415 16417 16422 16423 16424 16427 16428 16430 16432 16436 16439 16440 16443 16445 16447 16448 16449 16450 16451 16452 16455 16462 16464 16468 16471 16472 16476 16477 16478 16479 16480 16482 16485 16487 16489 16490 16491 16492 16493 16494 16495 16496 16497 16500 16502 16522 16530 16543 16554 16555 16557 16559 16561 
	}
	manpower=1
	buildings_max_level_factor=1.000
	state_category=pastoral
	local_supplies=0.000
}
