
state={
	id=236
	name="STATE_236"
	provinces={
		242 267 422 467 501 678 790 812 813 842 947 1080 1132 1360 1641 1660 1680 1681 1755 1859 1904 2014 2197 2253 2373 2387 2422 2588 2597 2777 2792 2843 3057 3100 3237 3357 3705 3750 3802 3813 3863 3960 3962 3983 4009 4032 4051 4101 4104 4118 4127 4160 4325 4348 4440 4473 4723 4839 5013 5273 5376 5394 5635 5658 5854 5875 5899 5928 6046 6211 6417 6436 6521 6672 6709 6953 6955 7035 7039 7072 7084 7131 7158 7176 7178 7186 7205 7211 7228 7236 7252 7272 7312 7356 7416 7430 7441 7459 7475 7493 7600 7651 7666 7675 7689 7717 7749 7786 
	}
	manpower=1
	buildings_max_level_factor=1.000
	state_category=pastoral
}
