
state={
	id=24
	name="STATE_24"
	provinces={
		22 72 106 225 289 298 429 557 702 822 1023 1110 1114 1256 1282 1305 1389 1448 1568 1688 1810 1861 1896 1969 2022 2355 2357 2359 2519 2524 2532 2929 2939 3200 3320 3497 3578 3592 3685 3735 4056 4214 4265 4288 4519 4588 5095 5370 5460 5510 5851 5900 5949 6095 6369 6414 6499 6536 6605 7213 7234 7266 7291 7362 7367 7378 7390 7405 7410 7411 7469 7526 7530 7543 7550 7568 7593 7594 7649 7676 10314 
	}
	manpower=1
	buildings_max_level_factor=1.000
	state_category=pastoral
}
