
state={
	id=289
	name="STATE_289"
	provinces={
		152 334 349 385 451 567 587 752 806 1433 1666 2182 2192 2225 2297 2382 2627 2680 2721 2734 2769 2826 3101 3528 3658 3662 3759 3881 3895 3956 3957 4240 4280 4285 4317 4327 4385 4435 4640 4641 4886 5152 5194 5493 5545 5671 5742 5754 5871 5951 5978 6048 6069 6179 6277 6327 6375 6489 6624 7532 7546 7561 7563 7569 7583 7586 7611 7620 7632 7643 7644 7645 7648 7658 7691 7702 7703 7714 7723 7724 7732 7742 7746 7759 7766 7767 7775 7790 7831 7838 7861 7869 7882 7910 7917 7928 7954 
	}
	manpower=1
	buildings_max_level_factor=1.000
	state_category=pastoral
}
