
state={
	id=290
	name="STATE_290"
	provinces={
		19 33 87 128 139 174 208 379 389 555 633 642 660 771 775 917 971 1273 1275 1299 1425 1482 1503 1504 1590 1611 1640 1659 1713 1750 1837 1851 1872 2007 2128 2162 2183 2188 2196 2275 2342 2427 2450 2503 2534 2637 2657 2763 2791 2860 2931 2941 2993 3016 3060 3072 3110 3209 3269 3273 3276 3292 3318 3344 3360 3386 3443 3463 3478 3485 3546 3728 3756 3842 3990 4057 4185 4257 4461 4487 4495 4630 4688 4703 4767 4856 4925 4985 5129 5189 5633 5639 5688 5769 5856 5907 5973 6063 6089 6338 6373 6391 6395 6438 6447 6520 6524 6593 6602 7019 7135 7142 7143 7197 7201 7221 7237 7260 7292 7310 7330 7331 7332 7344 7364 7371 7391 7399 7412 7417 7435 7442 7446 7447 7449 7484 7494 7495 7516 7531 7539 7540 7551 7559 7560 7564 7565 7578 7582 7609 7612 7631 7641 7642 7662 7667 7668 7680 7682 7713 7731 7741 7748 7754 7755 7774 7778 7796 7845 10315 
	}
	manpower=1
	buildings_max_level_factor=1.000
	state_category=pastoral
}
