
state={
	id=317
	name="STATE_317"
	provinces={
		99 117 262 421 439 604 613 665 687 794 795 908 963 968 1073 1177 1208 1298 1334 1352 1478 1601 1630 1782 1805 1850 2025 2030 2094 2123 2200 2339 2350 2430 2449 2496 2663 2736 2749 2819 2922 3008 3091 3114 3162 3179 3313 3329 3347 3396 3495 3502 3671 3835 3853 3861 3869 3876 3963 3996 4008 4021 4048 4052 4238 4244 4246 4399 4406 4408 4616 4750 4946 5032 5143 5161 5203 5285 5324 5558 5680 5753 5766 5791 5833 6002 6025 6156 6180 6186 6252 6274 6393 6423 6552 6638 7296 7305 7464 7498 7558 7576 7577 7596 7640 7663 7706 7707 7712 7720 7753 7776 7777 7787 7793 7803 7804 7818 7837 7840 7852 7853 7858 7897 7902 7903 7915 7921 7927 7932 7934 7957 7962 7970 8000 8004 8040 8048 8058 10309 10312 10313 
	}
	manpower=1
	buildings_max_level_factor=1.000
	state_category=pastoral
}
