
state={
	id=324
	name="STATE_324"
	provinces={
		334 349 352 385 567 587 752 1067 1306 1666 2100 2116 2225 2297 2382 2734 3101 3662 3690 3727 3759 3881 3956 3957 3980 4086 4280 4317 4319 4435 4640 4641 4803 4886 5152 5194 5377 5493 5545 5584 5671 5685 5742 5871 5951 6048 6069 6302 6489 6624 7532 7546 7561 7563 7569 7583 7586 7611 7620 7632 7643 7644 7645 7648 7691 7702 7723 7732 7746 7766 7767 7775 7831 7890 7898 7946 7959 7988 8027 8070 8071 8118 12190 12313 13073 15015 
	}
	manpower=1
	buildings_max_level_factor=1.000
	state_category=pastoral
}
