
state={
	id=355
	name="STATE_355"
	provinces={
		25 98 134 151 178 415 432 512 526 629 675 769 854 866 1120 1281 1309 1546 1770 1976 2023 2204 2269 2276 2317 2404 2431 2527 2640 2683 2716 2771 2778 2825 2942 3043 3159 3195 3220 3227 3236 3293 3381 3488 3561 3562 3619 3815 3862 4038 4133 4144 4172 4249 4289 4300 4362 4367 4403 4460 4521 4550 4681 4757 4764 4813 4902 5159 5181 5183 5457 5462 5552 5616 5625 5661 5738 5809 5891 5916 5925 5957 5970 6016 6065 6173 6212 6325 6379 6384 6397 6457 6470 6478 6669 6702 7589 7595 7685 7690 7694 7695 7728 7729 7740 7769 7779 7782 7810 7811 7828 7873 7901 7904 7905 7916 7964 7971 7982 7993 8001 8006 8018 8021 8041 8042 8067 8080 8095 8105 8113 8115 8126 8127 8146 8150 8171 8193 8204 8205 8212 8216 8241 8248 8266 8283 8303 8318 8336 8337 8362 8381 8386 8402 8422 8436 8452 8511 8557 10316 10318 10319 10320 10321 
	}
	manpower=1
	buildings_max_level_factor=1.000
	state_category=pastoral
}
