
state={
	id=660
	name="STATE_660"
	provinces={
		307 375 591 763 1055 1183 1196 1209 1361 1407 1430 1582 1638 1915 2209 2299 2318 2722 2783 2964 2981 2983 3003 3065 3144 3275 3414 3857 4089 4137 4190 4422 4658 4766 4894 5006 5070 5555 5731 5736 5765 5808 6174 6269 6590 6615 9628 9634 9650 9655 9656 9657 9667 9678 9679 9686 9700 9701 9712 9725 9732 9743 9745 9746 9747 9753 9762 9763 9773 9777 9781 9797 9805 9824 9827 9838 9842 9843 
	}
	manpower=1
	buildings_max_level_factor=1.000
	state_category=pastoral
}
